Tch1 = 3 %s
Tch2 = 8 %s

Tg1 = 0.25
Tg2 = 0.50

R1 = 0.0060 * 2 * pi % rad / s MW 
R2 = 0.0120 * 2 * pi % rad / s MW 

M = 1.1141e+08 / 10^6 % convert to MW s^2 / rad
D = 20 / ( 2 * pi) % MW s / rad